-5.775318 -0.265048 6.489101
8
17.383065 5.109978 1.114613
-11.690428 0.004136 -43.813479
0.999983 -0.004606 -0.002038 -0.003023
0.999973 0.006066 -0.004048
-0.006028 0.999939 0.009224
0.004103 -0.009199 0.999949
3.175928 5.164990 1.247660
-30.575211 -0.029527 -43.778426
0.998941 -0.006026 0.029950 -0.034395
0.995840 0.068356 0.060251
-0.069078 0.997561 0.009979
-0.059422 -0.014099 0.998133
0.999902 5.000000 13.859010
-32.341082 0.000000 -28.673487
1.000000 0.000000 0.000000 0.000000
1.000000 0.000000 0.000000
0.000000 1.000000 0.000000
0.000000 0.000000 1.000000
1.206736 5.478825 49.042132
6.658798 0.003824 4.180837
0.999981 -0.004857 -0.001790 0.003282
0.999972 -0.006547 -0.003612
0.006582 0.999931 0.009701
0.003549 -0.009725 0.999946
2.120153 5.061860 1.257140
6.800764 0.090762 54.026575
0.979115 0.015459 0.193463 0.060559
0.917809 -0.112606 0.380718
0.124570 0.992187 -0.006841
-0.376973 0.053705 0.924666
1.000000 5.000000 13.998630
23.658823 0.000000 39.186867
1.000000 0.000000 0.000000 0.000000
1.000000 0.000000 0.000000
0.000000 1.000000 0.000000
0.000000 0.000000 1.000000
1.020445 3.589693 2.021598
6.878376 -1.601982 51.839611
0.986795 -0.061710 0.142032 0.047484
0.955144 -0.111244 0.274453
0.076185 0.987874 0.135279
-0.286174 -0.108301 0.952037
9.455621 5.467395 1.168678
15.455058 -0.012338 54.190232
0.999655 -0.001936 0.008293 -0.024851
0.998627 0.049653 0.016677
-0.049717 0.998757 0.003458
-0.016484 -0.004282 0.999855
