-5.233750 2.785970 7.641522
26
6.861718 7.435287 3.687810
-15.458727 0.709406 -21.600886
0.979475 -0.012173 -0.078272 -0.185348
0.919039 0.364994 -0.148819
-0.361183 0.930996 0.052862
0.157844 0.005169 0.987451
5.236928 10.791783 3.652475
-16.260824 2.650056 -16.178446
0.995097 -0.005922 0.095642 -0.024503
0.980504 0.047633 0.190637
-0.049899 0.998729 0.007100
-0.190056 -0.016474 0.981635
5.928091 8.587686 6.493405
3.478405 1.118787 -22.094156
0.984330 -0.046072 -0.117186 -0.123444
0.942058 0.253817 -0.219325
-0.232221 0.965278 0.119632
0.242074 -0.061769 0.968290
6.511235 9.840759 6.674612
2.626422 1.716130 -12.088403
0.987330 0.078246 0.061334 -0.123677
0.961884 0.253818 0.101760
-0.234622 0.957163 -0.169681
-0.140469 0.139338 0.980231
7.843505 9.523160 7.179826
-13.560900 1.617053 1.768851
0.972871 -0.071340 -0.153663 -0.157548
0.903133 0.328472 -0.276509
-0.284623 0.940179 0.187228
0.321467 -0.090391 0.942597
7.095403 9.551793 7.039004
-14.198692 1.270434 11.638945
0.982972 0.059346 0.153866 -0.081047
0.939513 0.177597 0.292873
-0.141071 0.979819 -0.141611
-0.312113 0.091729 0.945606
7.461084 7.869077 4.454837
-14.852060 0.582430 34.236920
0.981733 -0.023798 0.081913 -0.170074
0.928730 0.330036 0.168927
-0.337833 0.941017 0.018864
-0.152738 -0.074589 0.985448
3.702020 10.268604 3.427029
-8.114153 -0.375568 -25.171647
0.996170 -0.039857 -0.074522 0.022434
0.987886 -0.038755 -0.150261
0.050636 0.995816 0.076066
0.146684 -0.082753 0.985716
4.851362 10.180054 4.511023
-1.541142 -0.110560 -25.068169
0.993081 -0.101197 0.014781 -0.057709
0.992902 0.111628 0.041037
-0.117611 0.972858 0.199287
-0.017677 -0.202699 0.979081
7.125621 10.472615 4.628023
-8.498590 5.533729 -12.568856
0.920740 0.127143 0.051614 -0.365252
0.727853 0.685729 0.002167
-0.659480 0.700851 -0.271836
-0.187925 0.196428 0.962341
8.846180 7.632024 6.506654
-3.828613 -2.367980 -10.910933
0.964798 -0.084260 0.075795 0.237319
0.875869 -0.470703 0.106261
0.445157 0.873160 0.198563
-0.186247 -0.126612 0.974311
7.894361 9.225371 8.853058
-2.880950 -1.967885 15.016892
0.947330 0.079652 0.228430 -0.209859
0.807558 0.434002 0.399366
-0.361222 0.899229 -0.246789
-0.466228 0.055037 0.882951
5.360498 10.849758 4.214796
-16.232400 2.831309 29.919352
0.990956 0.005592 -0.127644 -0.041014
0.964050 0.079859 -0.253437
-0.082714 0.996573 -0.000612
0.252520 0.021553 0.967352
1.238248 11.054470 3.728365
-10.815986 2.512333 25.653937
0.999044 -0.041819 -0.012244 0.003526
0.999675 -0.006022 -0.024760
0.008070 0.996477 0.083473
0.024171 -0.083645 0.996202
5.184753 12.299071 5.232424
-4.967147 1.727563 25.269706
0.995263 -0.056745 -0.078938 0.000060
0.987538 0.008840 -0.157135
0.009077 0.993560 0.112942
0.157121 -0.112961 0.981098
5.572584 11.050986 5.414883
2.849518 1.106525 25.603544
0.993401 -0.091833 -0.056219 -0.039512
0.990557 0.088829 -0.104438
-0.068178 0.980011 0.186897
0.118952 -0.178012 0.976812
7.346013 10.108931 4.267418
-2.971710 -0.827075 38.572978
0.990669 0.039397 0.110885 -0.068753
0.965955 0.144959 0.214284
-0.127485 0.987442 -0.093306
-0.225118 0.062811 0.972305
5.452767 6.014778 5.422564
2.902021 6.213808 3.374672
0.976081 0.018895 0.146237 0.159764
0.906181 -0.306358 0.291515
0.317411 0.948237 0.009841
-0.279440 0.083612 0.956516
6.778961 6.356939 9.784437
2.976331 1.515881 0.040269
0.929239 0.314305 0.052444 -0.187023
0.924544 0.380544 -0.020098
-0.314611 0.732470 -0.603745
-0.215030 0.564512 0.796924
6.756977 10.199465 5.789412
-4.109445 -0.447728 -2.125891
0.950522 -0.065724 0.303581 0.005071
0.815625 -0.049545 0.576455
-0.030266 0.991309 0.128024
-0.577788 -0.121866 0.807037
4.871511 7.941239 4.541672
0.922124 -2.389443 -3.364811
0.980731 0.028185 -0.149754 0.122251
0.925257 -0.248232 -0.286845
0.231349 0.968521 -0.091900
0.300628 0.018670 0.953559
2.067203 5.929086 3.501890
6.432339 -1.147283 8.815274
0.934635 -0.353787 -0.005276 0.035558
0.997416 -0.062734 -0.035022
0.070200 0.747141 0.660948
-0.015298 -0.661699 0.749614
9.830067 6.155979 7.825071
2.477136 3.638839 36.082206
0.910153 0.092362 -0.250095 -0.317087
0.673817 0.530996 -0.513822
-0.623393 0.781851 -0.009523
0.396675 0.326730 0.857844
5.875102 6.861930 4.746207
3.742908 2.753265 31.367422
0.956743 0.007283 0.242806 -0.160108
0.830821 0.309901 0.462274
-0.302828 0.948625 -0.091687
-0.466939 -0.063814 0.881984
5.962501 7.737284 6.022261
2.204201 5.608793 11.352624
0.919973 0.317545 -0.081207 0.214988
0.894371 -0.447141 -0.012880
0.343993 0.705891 -0.619182
0.285954 0.549348 0.785142
8.964085 7.713592 6.847575
0.810391 2.901411 16.378358
0.952830 -0.003634 -0.212894 -0.216281
0.815797 0.413706 -0.404132
-0.410611 0.906418 0.099016
0.407276 0.085164 0.909326
