3.426743 -1.587841 0.065569
19
4.080311 0.999902 4.473467
-17.621982 -12.916764 -3.556372
0.960518 0.000000 -0.278217 0.000000
0.845190 0.000000 -0.534465
0.000000 1.000000 0.000000
0.534465 0.000000 0.845190
4.242232 7.800545 1.000001
9.345745 -22.323024 -2.721157
0.998684 0.000000 0.000000 -0.051293
0.994738 0.102451 0.000000
-0.102451 0.994738 0.000000
0.000000 0.000000 1.000000
3.650875 2.205552 1.286569
9.434338 -13.698887 -1.770558
0.946201 0.323226 -0.011487 0.009825
0.999543 -0.026019 -0.015386
0.011168 0.790857 -0.611899
0.028089 0.611448 0.790786
2.596925 1.659748 2.587500
15.453314 -14.400631 -1.870432
0.951707 -0.304502 -0.018025 0.034752
0.996935 -0.055171 -0.055473
0.077125 0.812141 0.578341
0.013144 -0.580846 0.813907
1.015865 2.005932 1.500001
18.149676 -6.914670 -2.121157
0.999992 0.000000 0.000000 0.003999
0.999968 -0.007998 0.000000
0.007998 0.999968 0.000000
0.000000 0.000000 1.000000
7.438239 5.648388 1.139800
8.882638 -9.419360 0.329727
0.960507 -0.013194 0.014445 -0.277566
0.845497 0.532828 0.035074
-0.533590 0.845566 0.017327
-0.020425 -0.033365 0.999235
2.431769 3.541817 1.000001
-19.301230 19.961047 0.778844
0.931058 0.000000 0.000000 -0.364872
0.733736 0.679434 0.000000
-0.679434 0.733736 0.000000
0.000000 0.000000 1.000000
3.760932 7.220914 1.000001
-14.793701 15.944747 0.778844
0.998588 0.000000 0.000000 -0.053114
0.994358 0.106077 0.000000
-0.106077 0.994358 0.000000
0.000000 0.000000 1.000000
7.797456 9.930962 1.174306
-15.791876 -4.930417 0.386985
0.994544 -0.001687 0.013368 -0.103448
0.978240 0.205722 0.026940
-0.205812 0.978591 0.000590
-0.026242 -0.006121 0.999637
1.570854 5.079238 1.363150
17.382780 -9.162409 0.310487
0.993693 0.006990 -0.111860 0.003509
0.974950 -0.008538 -0.222260
0.005411 0.999878 -0.014676
0.222358 0.013106 0.974877
3.992757 5.929449 1.179725
18.766874 2.137391 0.358769
0.997602 -0.013106 0.006476 0.067654
0.990762 -0.135153 0.011148
0.134813 0.990502 0.027026
-0.014695 -0.025273 0.999573
6.164938 3.841274 0.836031
9.608677 3.351654 2.379805
0.961612 -0.001693 0.021143 -0.273592
0.849401 0.526106 0.041590
-0.526249 0.850290 -0.008314
-0.039737 -0.014825 0.999100
4.966276 5.939673 1.524392
-1.025889 -2.266636 0.042222
0.932679 0.018794 -0.044969 -0.357399
0.740487 0.664987 -0.097317
-0.668368 0.743825 -0.002914
0.070449 0.067201 0.995249
4.991674 5.533612 2.069712
2.500956 -6.289151 0.284964
0.973548 0.021096 -0.092190 0.207992
0.896481 -0.408870 -0.170727
0.401091 0.912589 -0.079426
0.188278 0.002727 0.982112
5.525338 8.009144 2.008677
-8.593801 -1.760149 0.367240
0.976584 0.062133 -0.034459 0.203063
0.915156 -0.400899 -0.042071
0.392335 0.909809 -0.135352
0.092539 0.107362 0.989904
6.507560 3.953598 1.416328
-11.958254 7.157039 0.572565
0.996963 -0.027698 -0.005443 -0.072581
0.989405 0.145023 -0.006831
-0.144420 0.987930 0.056018
0.014873 -0.054438 0.998406
3.190859 3.633899 1.705730
7.801903 5.389578 0.510385
0.978499 -0.038703 0.109228 -0.170620
0.917916 0.325448 0.226967
-0.342358 0.938782 0.038469
-0.200553 -0.113015 0.973142
5.653727 4.797316 1.613607
10.324761 1.107947 0.547992
0.991857 0.026251 0.043221 -0.116890
0.968937 0.234145 0.079601
-0.229607 0.971295 -0.062179
-0.091875 0.041970 0.994886
7.888852 6.250578 1.170920
12.408834 -5.991825 0.368893
0.969973 0.010456 -0.015628 -0.242484
0.881914 0.470080 -0.035388
-0.470734 0.882184 -0.012706
0.025246 0.027864 0.999293
