2.232398 -2.290577 0.225209
16
6.210348 3.775333 1.077324
9.250662 3.564248 -2.205197
0.959372 0.000526 -0.026045 -0.280939
0.840790 0.539023 -0.050269
-0.539078 0.842146 0.013625
0.049678 0.015643 0.998643
5.805755 2.351258 2.202363
-16.324505 -11.575578 0.087007
0.974510 0.219586 0.000429 -0.045965
0.995774 0.089776 -0.019351
-0.089399 0.899338 -0.428018
-0.021022 0.427939 0.903563
3.874002 0.999902 4.064460
-17.976124 -12.696458 4.010098
0.968894 0.000000 0.247476 0.000000
0.877511 0.000000 0.479556
0.000000 1.000000 0.000000
-0.479556 0.000000 0.877511
5.014270 7.753552 1.239704
-15.975866 15.594178 -0.791852
0.995374 0.011894 -0.020125 -0.093184
0.981824 0.185027 -0.042280
-0.185985 0.982351 -0.019927
0.037846 0.027429 0.998907
1.015865 2.005932 1.350000
17.815108 -6.694559 2.264843
0.999992 0.000000 0.000000 0.003999
0.999968 -0.007998 0.000000
0.007998 0.999968 0.000000
0.000000 0.000000 1.000000
2.366488 1.680510 2.363641
15.294158 -14.259261 2.098835
0.960734 0.272071 -0.010438 -0.053464
0.994065 0.097049 -0.049149
-0.108408 0.846239 -0.521659
-0.009035 0.523891 0.851737
4.295300 4.078223 2.360707
9.198955 -15.705871 2.319243
0.988534 0.119066 -0.000455 -0.092861
0.982753 0.183484 -0.023013
-0.183700 0.954400 -0.235318
-0.021213 0.235487 0.971646
5.224976 6.415071 1.095372
9.216013 -23.123402 2.705419
0.986226 0.006357 -0.006664 -0.165148
0.945364 0.325661 -0.015245
-0.325831 0.945372 -0.010338
0.011045 0.014740 0.999830
7.329746 4.788062 1.767534
-13.543790 7.040365 -0.586965
0.992178 0.068422 -0.000246 -0.104410
0.978197 0.207153 -0.014775
-0.207220 0.968834 -0.135722
-0.013800 0.135825 0.990637
4.664219 3.992686 1.171516
8.533742 4.504586 -0.353889
0.977290 0.017365 -0.020669 -0.210178
0.910796 0.410092 -0.047698
-0.411528 0.911047 -0.025253
0.033099 0.042630 0.998543
5.850036 5.918132 1.378184
16.454605 2.486871 -0.385635
0.951246 0.007361 0.031699 -0.306711
0.809848 0.583981 0.055791
-0.583048 0.811749 -0.033449
-0.064822 -0.005440 0.997882
4.660537 5.780238 1.801582
-0.098236 -4.416685 -0.224551
0.991697 -0.046351 0.049268 -0.109372
0.971221 0.212361 0.107856
-0.221495 0.971779 0.081155
-0.087578 -0.102709 0.990849
9.183516 8.457817 1.250437
-14.220231 -1.960711 -0.397311
0.994971 0.001975 0.015736 0.098899
0.979943 -0.196742 0.031703
0.196866 0.980430 -0.000817
-0.030922 0.007042 0.999497
3.049085 6.553988 1.509066
-5.981443 -1.741918 -0.319825
0.998926 -0.030935 -0.015864 0.030638
0.997619 -0.060229 -0.033590
0.062192 0.996209 0.060831
0.029798 -0.062775 0.997583
7.126455 6.776703 1.632337
8.998051 -4.602808 -0.150099
0.998648 -0.020718 -0.031437 -0.035852
0.995453 0.072910 -0.061304
-0.070305 0.996571 0.043633
0.064275 -0.039125 0.997165
6.731298 7.891594 1.267890
12.598414 -9.481364 -0.222572
0.955678 -0.014918 -0.008055 -0.293924
0.827088 0.562034 -0.006626
-0.561553 0.826773 0.033249
0.024166 -0.023779 0.999425
