-1.742015 -1.571068 -0.432650
10
6.154071 5.900012 1.581487
-0.075178 6.266773 -6.433005
0.928579 0.000752 -0.025333 0.370268
0.724520 -0.687685 -0.046490
0.687608 0.725802 -0.020157
0.047604 -0.017363 0.998715
1.268981 2.134217 3.008137
8.243236 -5.685074 -9.461913
0.999261 -0.035644 0.014306 0.001797
0.999584 -0.004611 0.028462
0.002571 0.997453 0.071286
-0.028719 -0.071184 0.997050
1.819680 5.230890 0.902180
7.974281 -3.125407 -5.882713
0.999512 -0.007868 -0.030138 -0.002552
0.998170 0.005575 -0.060207
-0.004627 0.999863 0.015882
0.060287 -0.015574 0.998060
2.778455 2.847152 3.742391
7.687093 -6.243818 8.774431
0.991700 0.048307 -0.008832 0.118829
0.971603 -0.236539 -0.006037
0.234833 0.967092 -0.097911
0.028998 0.093713 0.995177
1.226177 5.502795 4.897456
-18.548858 -4.578167 0.549287
0.999713 -0.020371 0.001212 0.012556
0.999682 -0.025153 0.001912
0.025055 0.998855 0.040760
-0.002935 -0.040699 0.999167
2.246288 3.311226 0.751990
-16.762512 -2.415368 5.825417
0.997998 -0.014896 0.018035 -0.058761
0.992444 0.116749 0.037747
-0.117823 0.992651 0.027613
-0.034246 -0.031852 0.998906
12.140741 6.056194 0.681167
-5.234340 -1.308794 -5.768654
0.996517 0.000993 -0.003256 -0.083322
0.986094 0.166058 -0.006655
-0.166071 0.986113 -0.001437
0.006324 0.002522 0.999977
1.160488 3.203838 1.672498
-17.570288 -2.422823 -5.433336
0.923460 -0.006161 -0.380646 -0.047873
0.705634 0.093107 -0.702433
-0.083727 0.995340 0.047824
0.703613 0.025067 0.710141
12.709697 5.382304 0.712738
-2.968268 -0.951127 5.832130
0.999958 -0.008858 0.001254 0.001867
0.999990 -0.003756 0.002475
0.003712 0.999836 0.017721
-0.002541 -0.017711 0.999840
5.020543 4.783926 1.634230
-0.667447 7.197705 6.335993
0.976224 0.051049 0.021808 0.209536
0.911238 -0.406882 0.063972
0.411335 0.906977 -0.090531
-0.021186 0.108809 0.993837
