0.055207 1.344426 -0.317304
12
2.106577 3.608636 1.240001
-2.318755 9.579534 -3.521505
0.943630 -0.303103 0.091104 0.096912
0.964616 -0.238126 0.113189
0.127670 0.797474 0.589691
-0.230686 -0.554375 0.799658
1.550409 1.244878 3.711837
-2.129806 12.120059 -6.637158
0.945122 0.323960 -0.027701 -0.032044
0.996412 0.042623 -0.073124
-0.078519 0.788046 -0.610589
0.031600 0.614139 0.788565
3.604001 2.263993 1.317424
0.487882 7.654999 -1.839087
0.979253 0.160861 -0.007796 -0.122989
0.969626 0.238366 -0.054837
-0.243382 0.917995 -0.313130
-0.024299 0.316966 0.948126
2.425040 1.928893 2.315634
-7.077243 -6.158784 1.547290
0.924711 0.273233 -0.077562 -0.253452
0.859492 0.426354 -0.281948
-0.511124 0.722212 -0.466007
0.004942 0.544640 0.838656
7.428631 2.183513 1.427680
0.185261 5.873887 -0.478095
0.989635 0.143231 -0.000528 0.010380
0.999784 -0.020695 0.001928
0.020393 0.958755 -0.283503
0.004018 0.283481 0.958969
7.409799 1.869525 1.185499
0.194049 3.763417 0.835591
0.988300 0.152326 0.003841 -0.006784
0.999878 0.014579 0.005526
-0.012238 0.953502 -0.301139
-0.009660 0.301035 0.953564
5.183603 1.279635 1.943504
5.622067 -6.262499 1.602925
0.960081 0.279701 0.001361 0.003243
0.999975 -0.005465 0.004428
0.006988 0.843514 -0.537062
-0.000800 0.537079 0.843531
1.479599 1.534550 1.720020
-0.051620 -6.244883 2.097484
0.923328 0.236159 0.293115 -0.076017
0.816610 0.278821 0.505379
-0.001934 0.876901 -0.480668
-0.577187 0.391540 0.716625
1.921200 2.340468 0.740654
6.790855 -2.662987 0.869344
0.992163 -0.026572 0.015401 -0.121120
0.970185 0.239524 0.036997
-0.241161 0.969248 0.048997
-0.024123 -0.056459 0.998113
3.848890 2.720613 1.108625
4.296076 1.526711 0.520500
0.992868 0.030952 -0.013507 0.114339
0.973488 -0.227883 -0.019743
0.226211 0.971937 -0.064550
0.033899 0.058373 0.997719
3.488705 2.418354 0.745666
-1.573190 1.157523 0.874859
0.994484 0.012596 0.014578 0.103105
0.978314 -0.204706 0.031593
0.205441 0.978421 -0.022047
-0.026398 0.028060 0.999258
2.302098 3.884972 0.666803
-6.360939 -1.025220 0.869205
0.993321 -0.002119 0.015350 0.114339
0.973382 -0.227217 0.030011
0.227086 0.973844 0.007721
-0.030980 -0.000700 0.999520
