0.808972 0.409222 -0.801063
22
2.327105 1.544052 1.563684
12.023687 0.479192 2.515783
0.963653 0.044178 -0.032250 0.261499
0.861157 -0.506838 -0.039050
0.501139 0.859333 -0.102011
0.085260 0.068278 0.994017
2.281494 1.505042 2.720520
12.041543 0.457931 -1.404538
0.955925 -0.035272 -0.003843 0.291460
0.830072 -0.556957 -0.027908
0.557499 0.827613 0.065195
-0.013214 -0.069676 0.997482
5.727130 3.202811 1.093156
-13.578628 -11.755263 -9.202043
0.946312 -0.019838 0.011318 0.322448
0.791798 -0.610722 0.008627
0.609824 0.791267 0.044844
-0.034213 -0.030247 0.998957
4.885531 7.721629 0.703728
-2.698692 -0.589424 -8.999960
0.993466 -0.004957 -0.011068 0.113483
0.973998 -0.225372 -0.023116
0.225592 0.974194 0.007338
0.020866 -0.012362 0.999706
1.747669 1.917972 1.382958
-2.157271 -7.086062 -8.148070
0.970113 -0.054714 0.028898 0.234630
0.888227 -0.458398 0.030394
0.452073 0.883910 0.119719
-0.081745 -0.092597 0.992342
1.558588 3.330337 3.556113
3.453071 8.871548 2.861932
0.933099 -0.058159 -0.246813 0.255006
0.748111 -0.447182 -0.490264
0.504600 0.863179 -0.017342
0.430941 -0.234413 0.871402
3.133277 7.316184 4.742803
6.480646 6.978686 5.134018
0.953756 -0.030204 -0.045348 0.295601
0.821127 -0.561124 -0.104358
0.566602 0.823415 0.030804
0.068645 -0.084423 0.994063
2.038412 3.588176 1.939059
7.697704 -3.449836 6.538827
0.935549 0.025435 0.096966 -0.338671
0.751799 0.638620 0.164204
-0.628754 0.769310 -0.113271
-0.198661 -0.018087 0.979901
1.472102 1.751227 0.756563
-2.218853 -7.242688 7.427636
0.960674 -0.026626 0.035941 0.274051
0.847209 -0.528461 0.054462
0.524633 0.848374 0.070857
-0.083650 -0.031458 0.995999
5.687835 8.607916 1.138512
-13.972602 -7.618011 9.112065
0.994864 0.011323 -0.014241 0.099575
0.979764 -0.198449 -0.026082
0.197804 0.979913 -0.025367
0.030592 0.019694 0.999338
3.194697 3.916969 4.975919
3.262757 9.410084 -3.577251
0.945317 -0.010793 -0.158887 0.284629
0.787483 -0.534699 -0.306541
0.541558 0.837740 -0.070043
0.294253 -0.110852 0.949277
3.736469 5.782961 5.275997
8.803957 5.082263 -3.155096
0.880320 -0.104877 -0.356228 0.295193
0.571925 -0.445008 -0.689107
0.594448 0.803724 -0.025662
0.565272 -0.394962 0.724205
4.124643 7.139364 2.548281
5.428076 5.801780 -8.631603
0.944110 -0.122078 0.031167 0.304603
0.812492 -0.582766 -0.015521
0.567547 0.784628 0.249497
-0.133220 -0.211523 0.968251
6.502362 5.070335 0.686353
2.709664 0.880233 -8.942444
0.958210 -0.007348 0.000227 -0.285971
0.836442 0.548037 0.004637
-0.548043 0.836334 0.013953
0.003768 -0.014212 0.999892
3.651785 4.913240 1.450977
5.864406 -3.731901 -8.421193
0.966266 0.056387 0.027777 -0.249759
0.873698 0.485800 0.025513
-0.479535 0.868882 -0.122845
-0.081846 0.095095 0.992098
1.534682 3.610520 2.243652
8.078996 -3.856542 -6.798889
0.941668 -0.001707 0.082496 -0.326272
0.773482 0.614198 0.156481
-0.614761 0.787087 -0.050617
-0.154254 -0.057047 0.986383
4.786433 4.311328 0.608156
-8.197210 11.882453 -8.952256
0.975592 0.000659 -0.000599 0.219591
0.903559 -0.428464 -0.000879
0.428462 0.903558 -0.001548
0.001457 0.001022 0.999998
13.265654 5.115698 0.803543
-8.735877 0.217632 -8.955027
0.938202 -0.002015 0.007661 0.345998
0.760453 -0.649263 0.012981
0.649201 0.760563 0.009083
-0.015770 0.001521 0.999874
11.433283 6.056507 0.682053
-1.096162 0.142870 8.840830
0.995328 0.003552 0.003850 -0.096405
0.981382 0.191937 0.006978
-0.191883 0.981387 -0.007813
-0.008348 0.006328 0.999945
7.459787 5.793291 0.812405
2.615873 -3.633748 8.762634
0.984435 -0.014563 -0.000871 -0.175143
0.938648 0.344860 0.003386
-0.344809 0.938226 0.028978
0.006817 -0.028368 0.999574
5.037023 4.442451 0.693872
-7.415961 11.264426 8.851027
0.998031 0.000934 -0.009190 -0.062032
0.992135 0.123802 -0.018459
-0.123836 0.992302 -0.000724
0.018227 0.003004 0.999829
9.801739 4.224308 0.823483
0.144591 6.862337 8.660230
0.997518 0.001087 0.001540 0.070381
0.990088 -0.140410 0.003226
0.140417 0.990091 -0.001951
-0.002920 0.002385 0.999993
