0.704859 0.054937 1.217575
15
2.765948 3.604751 3.777862
2.707088 -5.823951 -8.810167
0.975111 0.174741 0.112924 0.076626
0.962753 -0.109973 0.247007
0.188903 0.927188 -0.323477
-0.193448 0.358089 0.913428
9.022162 2.656150 2.471095
21.295109 -0.102624 2.982251
0.991042 -0.133372 -0.001483 0.006776
0.999904 -0.013035 -0.004746
0.013826 0.964332 0.264335
0.001131 -0.264375 0.964419
10.518159 2.496620 3.668659
-22.143447 -0.267403 2.349674
0.994407 -0.101698 0.028461 0.001234
0.998377 -0.008244 0.056353
-0.003334 0.979312 0.202328
-0.056855 -0.202188 0.977695
3.959324 3.775873 3.100941
-3.756264 0.946099 -3.448457
0.957136 0.225748 0.010806 -0.181140
0.934143 0.351630 -0.061098
-0.341873 0.832452 -0.436058
-0.102470 0.428229 0.897842
3.527541 3.249692 4.732698
-3.287130 -2.574485 -6.473113
0.917090 0.233915 -0.322804 -0.005227
0.791541 -0.141430 -0.594526
-0.160605 0.890513 -0.425668
0.589635 0.432417 0.682163
2.323272 4.679493 3.129214
6.385407 -1.079097 -4.506139
0.952837 0.253821 -0.099782 -0.133115
0.944648 0.203021 -0.257727
-0.304328 0.835710 -0.457136
0.122577 0.510266 0.851237
4.781969 2.338639 3.493705
-4.611427 1.025139 2.113077
0.998164 0.013017 -0.016836 0.056710
0.993001 -0.113649 -0.032133
0.112773 0.993229 -0.027896
0.035086 0.024077 0.999094
2.722835 2.144487 2.794762
2.499008 1.393379 -3.054997
0.956553 0.281191 -0.004698 0.076914
0.988124 -0.149787 0.034267
0.144503 0.830032 -0.538671
0.052243 0.537225 0.841819
3.873238 3.613723 3.535768
2.377019 -2.272196 -7.090746
0.941387 0.230149 -0.239983 0.056835
0.878356 -0.217471 -0.425672
-0.003456 0.887602 -0.460597
0.477994 0.406040 0.778880
4.388044 2.748435 3.578738
6.781769 0.834034 1.326385
0.917975 0.136296 -0.362306 -0.086480
0.722511 0.060011 -0.688750
-0.257535 0.947889 -0.187569
0.641602 0.312898 0.700315
3.596396 1.898273 4.114360
2.244645 0.596963 3.043332
0.943914 -0.084962 0.319037 -0.004781
0.796385 -0.045186 0.603099
-0.063239 0.985517 0.157344
-0.601474 -0.163445 0.781994
0.749493 4.685728 3.585588
11.604830 0.866517 6.133064
0.992152 0.122721 0.023388 -0.005172
0.998853 0.016003 0.045139
-0.004522 0.969826 -0.243758
-0.047678 0.243274 0.968785
1.875932 4.782917 4.685762
10.512289 1.361639 3.408037
0.993795 0.110353 0.011774 -0.007374
0.999614 0.017256 0.021774
-0.012059 0.975536 -0.219510
-0.025029 0.219163 0.975367
1.342524 4.326118 5.553895
-10.528036 2.027463 3.714504
0.999253 -0.034266 0.002479 0.017701
0.999361 -0.035546 0.003742
0.035206 0.997025 0.068569
-0.006168 -0.068394 0.997639
0.651868 2.890970 5.375898
-10.607357 -4.456060 3.798325
0.999988 -0.002312 0.002950 0.003068
0.999964 -0.006149 0.005886
0.006122 0.999970 0.004641
-0.005915 -0.004605 0.999972
