1.364743 -2.449231 -0.300483
10
4.194863 7.989345 0.745284
3.591578 -5.279064 -0.970225
0.993481 -0.006553 -0.007780 -0.113541
0.974096 0.225704 -0.013971
-0.225500 0.974131 0.014787
0.016947 -0.011253 0.999793
2.424957 1.888709 1.917075
-1.256299 3.752645 -0.472171
0.926825 -0.326781 -0.047703 -0.178699
0.931583 0.362421 0.028366
-0.300068 0.722562 0.622787
0.205215 -0.588690 0.781877
2.255793 3.599050 0.917248
-1.007563 0.252478 -1.035175
0.996932 -0.034479 -0.029579 -0.063739
0.990125 0.129127 -0.054582
-0.125047 0.989497 0.072517
0.063372 -0.064976 0.995873
1.997083 1.998598 0.214899
-2.965864 8.104130 0.013921
0.980396 0.003190 -0.002074 0.196999
0.922374 -0.386287 -0.002810
0.386261 0.922362 -0.007071
0.005324 0.005437 0.999971
3.212952 5.087027 0.694128
6.266051 -10.319159 -0.953892
0.996280 0.010789 0.003123 0.085440
0.985380 -0.170178 0.008067
0.170312 0.985167 -0.020965
-0.004380 0.022032 0.999748
2.511910 2.471599 0.944499
-1.458475 4.834697 0.797443
0.979585 -0.103512 -0.045990 -0.166084
0.940602 0.334907 -0.055718
-0.315865 0.923403 0.218073
0.124485 -0.187520 0.974341
2.641790 3.796027 0.692475
5.759910 -17.773502 -0.985339
0.995795 -0.010965 -0.010735 0.090310
0.983458 -0.179625 -0.023361
0.180096 0.983448 0.019898
0.019400 -0.023776 0.999529
2.980784 3.480170 0.679080
8.021171 -17.508983 -0.987355
0.989714 0.012278 0.014064 0.141835
0.959370 -0.280407 0.031322
0.281098 0.959464 -0.020314
-0.024356 0.028293 0.999303
2.241800 2.776807 0.945304
-2.652597 9.185090 0.811235
0.961157 -0.066024 -0.008385 0.267859
0.856363 -0.513801 -0.051489
0.516016 0.847785 0.122427
-0.019251 -0.131411 0.991141
3.168912 2.875250 0.780516
-3.257048 7.871456 0.824902
0.993751 -0.030993 -0.006122 0.107059
0.977002 -0.212401 -0.018804
0.213160 0.975155 0.060287
0.005532 -0.062909 0.998004
