1.323815 2.372890 -0.012701
12
7.954923 0.508779 3.379110
-13.208697 -7.828914 -2.663850
0.998889 0.000000 0.047129 0.000000
0.995558 0.000000 0.094153
0.000000 1.000000 0.000000
-0.094153 0.000000 0.995558
7.954868 0.508779 3.378739
-13.208698 -7.828914 2.662294
0.998889 0.000000 -0.047121 0.000000
0.995559 0.000000 -0.094138
0.000000 1.000000 0.000000
0.094138 0.000000 0.995559
5.217250 9.166769 0.570539
3.038618 -0.154938 -1.829809
0.950118 -0.004663 -0.001735 -0.311850
0.805493 0.592605 -0.000389
-0.592572 0.805456 0.009943
0.006206 -0.007779 0.999950
10.160461 5.222007 0.697958
3.862675 0.016565 1.867266
0.924054 -0.003435 -0.012120 0.382054
0.707776 -0.705994 -0.025024
0.706160 0.708046 -0.002912
0.019774 -0.015610 0.999683
5.339248 0.508779 0.909903
-0.135789 -7.828914 -0.910816
1.000000 0.000000 0.000000 0.000000
1.000000 0.000000 0.000000
0.000000 1.000000 0.000000
0.000000 0.000000 1.000000
5.856720 1.423847 3.546216
0.378913 -7.129946 -4.919725
0.999148 0.041054 -0.003929 -0.001641
0.999964 0.002956 -0.007987
-0.003601 0.996624 -0.082026
0.007718 0.082052 0.996598
5.850744 0.808864 4.229970
0.371820 -7.552251 4.220793
0.999998 0.001052 0.000665 0.001505
0.999995 -0.003009 0.001332
0.003012 0.999993 -0.002102
-0.001326 0.002106 0.999997
4.851638 0.472766 3.520518
0.370412 -6.389015 4.822049
0.999921 -0.012224 0.002685 -0.001036
0.999983 0.002006 0.005395
-0.002137 0.999699 0.024440
-0.005344 -0.024452 0.999687
5.064268 5.676185 0.639312
3.903548 7.222381 -1.827377
0.972950 0.011553 0.001399 -0.230724
0.893529 0.448998 -0.002609
-0.448933 0.893266 -0.023127
-0.008054 0.021836 0.999729
1.533856 1.529177 0.402185
4.185838 7.738471 -0.860546
0.999378 0.006251 -0.016186 -0.030707
0.997590 0.061173 -0.032735
-0.061578 0.998036 -0.011501
0.031967 0.013489 0.999398
1.424582 1.438506 0.458574
4.186008 7.739691 0.914930
0.999834 0.018208 -0.000113 0.000813
0.999999 -0.001631 -0.000196
0.001622 0.999336 -0.036409
0.000255 0.036409 0.999337
4.001098 6.439087 0.550266
2.495358 7.277330 1.820015
0.940527 0.003163 0.005665 -0.339656
0.769203 0.638948 0.008508
-0.638876 0.769247 -0.009798
-0.012805 0.002101 0.999916
