-1.224127 2.882262 -0.173305
11
2.790904 2.319826 1.791645
-1.584078 4.761993 -0.405522
0.949056 0.220399 0.021180 -0.224205
0.898567 0.434902 -0.058626
-0.416229 0.802314 -0.427839
-0.139031 0.408844 0.901952
2.598925 3.235114 1.128611
-2.704135 8.636106 -0.771163
0.958964 -0.093960 0.032615 0.265509
0.856883 -0.515356 0.012659
0.503098 0.841353 0.197529
-0.112448 -0.162890 0.980215
3.938465 3.875761 0.799652
-0.335930 1.503097 0.924346
0.980217 0.023912 -0.021603 -0.195286
0.922793 0.381813 -0.051690
-0.383879 0.922583 -0.038441
0.033011 0.055316 0.997923
1.589995 3.628922 0.797203
1.501640 -5.370059 0.953050
0.993780 0.014560 -0.089269 -0.064963
0.975622 0.126518 -0.179319
-0.131717 0.991136 -0.017341
0.175536 0.040538 0.983638
5.252148 7.222311 0.733908
5.546068 -6.915671 1.001929
0.990115 -0.005567 -0.007201 -0.139964
0.960716 0.277242 -0.012702
-0.277081 0.960758 0.013039
0.015818 -0.009007 0.999834
1.213096 2.844322 0.892512
-5.332058 8.182282 -0.758246
0.995244 -0.043446 0.044059 0.075232
0.984798 -0.153576 0.081162
0.145920 0.984905 0.093107
-0.094236 -0.079849 0.992343
1.893424 4.191622 0.716038
5.099532 -17.300419 0.972856
0.999730 0.012893 -0.007344 -0.017879
0.999253 0.035559 -0.015144
-0.035938 0.999028 -0.025517
0.014222 0.026043 0.999560
2.171264 4.337938 0.600000
8.436867 -16.830175 0.987961
0.997943 0.000000 0.000000 0.064112
0.991779 -0.127961 0.000000
0.127961 0.991779 0.000000
0.000000 0.000000 1.000000
1.955600 2.038319 1.089731
-3.591184 6.797279 -0.875935
0.966530 -0.000970 -0.134325 -0.218578
0.868361 0.422786 -0.259234
-0.422264 0.904445 0.060597
0.260082 0.056845 0.963912
1.932054 1.856965 0.679544
-2.934792 9.047018 -0.374910
0.995462 -0.008521 0.032005 -0.089209
0.982035 0.177063 0.065240
-0.178154 0.983938 0.011255
-0.062200 -0.022675 0.997806
2.418479 1.477794 1.252011
-2.257363 6.985061 -0.503864
0.984139 -0.141842 -0.077768 0.072826
0.977297 -0.121281 -0.173728
0.165404 0.949154 0.267857
0.132409 -0.290511 0.947666
