-1.942466 -0.266393 0.439032
13
2.997064 1.831005 1.605407
-11.259665 -1.755657 -6.585387
0.905963 -0.094519 -0.302994 0.280164
0.659406 -0.450359 -0.601965
0.564914 0.825149 0.001485
0.496041 -0.341037 0.798521
2.158190 1.527862 2.745204
-12.371915 -1.905432 -3.933897
0.958981 0.022976 -0.012693 0.282252
0.840345 -0.541932 -0.011374
0.540766 0.839612 -0.051233
0.037314 0.036903 0.998622
2.283410 1.461391 3.945247
-12.401314 -1.869619 2.508489
0.947579 0.033232 -0.017143 0.317325
0.798021 -0.602521 -0.011398
0.600243 0.796400 -0.073859
0.053579 0.052100 0.997204
2.988769 2.101752 1.354757
-11.221197 -1.966387 6.390456
0.932541 0.089153 0.236134 0.258186
0.755162 -0.439435 0.486444
0.523642 0.850783 -0.044344
-0.394372 0.288210 0.872586
4.446324 5.148699 0.712189
-7.763226 -4.377734 -7.395711
0.972186 0.010220 -0.004001 -0.233952
0.890501 0.454808 -0.012562
-0.454972 0.890324 -0.018000
0.002998 0.021744 0.999759
6.700141 3.958382 0.832409
-4.374163 3.151724 -7.396214
0.941864 0.011326 -0.014567 0.335487
0.774473 -0.632296 -0.019841
0.631636 0.774641 -0.031108
0.035039 0.011560 0.999319
4.442893 4.043693 0.988027
3.912268 4.699125 -7.184496
0.955632 -0.001185 0.023051 -0.293659
0.826466 0.561205 0.044753
-0.561314 0.827526 -0.011274
-0.043361 -0.015803 0.998934
4.178868 1.876131 0.994913
7.309433 0.435483 -7.211688
0.999355 -0.009896 0.026874 -0.021644
0.997619 0.042729 0.054142
-0.043792 0.998867 0.018616
-0.053285 -0.020942 0.998360
4.080634 6.606315 0.740503
-3.352038 3.173307 7.420486
0.934000 0.003744 0.018409 -0.356779
0.744740 0.666601 0.031717
-0.666325 0.745390 -0.020130
-0.037060 -0.006143 0.999294
4.075181 3.374260 1.003532
5.034998 3.961818 7.232242
0.992794 0.020971 -0.016387 -0.116837
0.972161 0.231304 -0.037439
-0.232678 0.971818 -0.037811
0.027638 0.045470 0.998583
4.220994 1.979863 1.046017
7.273684 0.509329 7.229836
0.999113 -0.015797 -0.030627 -0.024190
0.996954 0.049306 -0.060435
-0.047370 0.998331 0.033048
0.061964 -0.030085 0.997625
3.658124 4.527506 0.805947
-7.982181 -2.641895 7.426940
0.965701 -0.033075 -0.021608 -0.256634
0.867344 0.497093 -0.024756
-0.494234 0.866090 0.074972
0.058709 -0.052791 0.996878
3.461112 2.068871 0.615239
-6.773413 -6.816669 7.409161
0.926256 -0.000232 0.002340 0.376888
0.715899 -0.698191 0.004160
0.698189 0.715910 0.002193
-0.004510 0.001334 0.999989
